       0
       0
       0
       0
       0
      56
      64
      84
      77
      72
      72
      54
      60
      58
      78
      63
      84
      56
      68
      66
      62
      72
      76
      79
      54
      58
      51
      81
      73
      65
      80
      65
      64
      73
      73
      67
      62
      51
      74
      71
      68
      67
      75
      55
      58
      67
      67
      49
      66
      75
      74
      68
      64
      61
      71
      65
      76
      65
      77
      65
      60
      66
      58
      70
      76
      64
      67
      63
      71
      79
      72
      59
      61
      67
      71
      63
      83
      61
      60
      76
      63
      75
      61
      66
      59
      74
      58
      78
      61
      72
      60
      72
      48
      57
      65
      50
      61
      65
      91
      49
      70
      58
      50
      54
      52
      53
      57
      62
      46
      55
      61
      62
      58
      65
      65
      57
      70
      64
      60
      65
      54
      59
      62
      70
      59
      44
      53
      68
      56
      66
      60
      60
      51
      60
      46
      46
      61
      61
      55
      72
      61
      43
      58
      64
      50
      45
      51
      51
      57
      58
      63
      55
      69
      68
      53
      53
      75
      70
      39
      43
      50
      44
      61
      48
      59
      61
      59
      51
      53
      50
      61
      54
      53
      47
      56
      59
      63
      56
      59
      40
      55
      46
      44
      46
      54
      61
      53
      56
      36
      53
      64
      54
      58
      53
      48
      58
      58
      61
      43
      54
      51
      29
      58
      62
      50
      48
      56
      54
      43
      71
      48
      43
      40
      50
      51
      46
      51
      46
      48
      62
      63
      42
      58
      48
      58
      48
      54
      65
      44
      53
      51
      49
      52
      42
      34
      44
      49
      43
      48
      42
      49
      49
      40
      43
      41
      53
      44
      34
      42
      43
      48
      53
      50
      36
      50
      49
      46
      42
      39
      48
      48
      48
      47
      51
      46
      38
      41
      42
      51
      46
      35
      59
      47
      37
      37
      43
      45
      32
      48
      45
      45
      49
      42
      41
      45
      50
      45
      35
      32
      32
      47
      38
      33
      49
      48
      31
      37
      32
      37
      33
      31
      26
      48
      50
      37
      56
      43
      46
      48
      35
      54
      35
      48
      32
      36
      41
      42
      45
      41
      38
      39
      39
      48
      45
      50
      36
      38
      30
      39
      48
      46
      25
      46
      40
      40
      38
      29
      34
      43
      37
      36
      38
      48
      42
      43
      42
      37
      37
      54
      31
      35
      40
      42
      33
      44
      45
      36
      35
      38
      31
      38
      29
      32
      29
      44
      33
      32
      30
      40
      47
      30
      43
      37
      41
      45
      31
      38
      28
      39
      40
      32
      28
      31
      30
      40
      33
      40
      33
      36
      50
      37
      33
      40
      44
      38
      26
      31
      35
      38
      34
      43
      53
      37
      36
      42
      33
      29
      30
      32
      26
      45
      29
      36
      27
      39
      33
      24
      21
      37
      33
      31
      40
      39
      29
      30
      24
      41
      36
      41
      34
      41
      32
      33
      36
      34
      39
      40
      28
      34
      28
      31
      32
      27
      23
      39
      35
      40
      36
      29
      31
      34
      30
      34
      33
      26
      37
      33
      38
      34
      31
      40
      44
      32
      36
      36
      33
      29
      29
      35
      31
      33
      33
      32
      36
      24
      31
      40
      43
      41
      32
      25
      39
      34
      28
      37
      30
      35
      34
      31
      25
      31
      24
      22
      40
      31
      29
      29
      24
      34
      30
      25
      36
      34
      31
      29
      32
      34
      31
      27
      25
      30
      31
      36
      28
      34
      27
      33
      23
      19
      25
      35
      27
      25
      31
      41
      29
      35
      34
      31
      35
      21
      25
      24
      12
      27
      21
      36
      33
      25
      25
      29
      27
      28
      26
      23
      32
      28
      25
      30
      25
      32
      22
      31
      30
      33
      32
      34
      23
      28
      29
      21
      25
      25
      18
      24
      20
      35
      26
      36
      21
      33
      26
      27
      24
      34
      27
      29
      24
      31
      24
      28
      25
      35
      36
      20
      18
      28
      41
      26
      20
      31
      31
      34
      25
      28
      27
      28
      24
      25
      24
      18
      18
      16
      25
      28
      29
      23
      26
      26
      25
      19
      30
      25
      28
      17
      24
      29
      24
      22
      22
      24
      40
      21
      28
      25
      16
      20
      27
      25
      24
      29
      21
      27
      26
      22
      16
      27
      34
      27
      23
      31
      17
      21
      18
      27
      28
      31
      16
      20
      17
      24
      38
      28
      15
      26
      25
      22
      20
      23
      21
      28
      23
      20
      25
      33
      17
      29
      22
      24
      25
      21
      34
      24
      31
      31
      27
      18
      16
      22
      22
      24
      29
      25
      23
      15
      20
      20
      17
      16
      23
      26
      19
      26
      23
      23
      25
      22
      20
      20
      27
      23
      25
      18
      25
      24
      21
      23
      19
      16
      31
      27
      24
      20
      26
      19
      27
      22
      24
      22
      21
      23
      21
      23
      24
      25
      21
      30
      18
      14
      14
      21
      27
      16
      27
      19
      17
      20
      11
      28
      27
      17
      25
      15
      19
       8
      16
      16
      23
      15
      28
      14
      23
      23
      20
      23
      13
      26
      17
      15
      23
      10
      22
      18
      27
      19
      14
      19
      11
      18
      16
      28
      26
      22
      19
      24
      19
       9
      25
      25
      11
      10
      22
      18
      17
      21
      22
      22
      21
      25
      24
      29
      24
      19
      13
      29
      28
      20
      19
      19
      24
      24
      20
      21
      19
      18
      20
      13
      23
      14
      27
      18
      22
      12
      20
      23
      20
      19
      26
      11
      23
      17
      15
      21
      13
      23
      17
      17
      22
      23
      16
      17
      22
      18
      19
      11
      18
      20
      14
      17
      26
      18
      12
      17
      16
      28
      17
      24
      10
      10
      12
      20
      31
      16
      17
      18
      18
      16
      19
      15
      14
      17
      21
      20
      16
      12
      16
      22
      17
      12
      15
      14
      17
      18
      19
      13
       9
      21
      12
      17
      17
      10
      13
      20
      15
      20
      13
      12
      20
      23
      19
      20
      15
      14
      21
      13
      14
      11
      19
      13
      19
      16
      21
      21
      17
      10
      20
      19
      17
      13
      16
      12
      12
      17
      14
      13
      12
      21
      17
      14
      16
      19
      11
       8
      15
      21
      18
      21
      28
      10
      15
       9
      17
      24
      14
      26
      12
      13
      13
      13
      19
      16
      12
      18
      14
      18
      14
      23
       9
      16
       7
      15
      22
      12
      14
      12
      17
      11
      16
      11
      14
      13
      15
      13
      15
      19
      11
      15
      14
      16
      26
      10
      11
      14
      24
      18
      17
      14
      15
      19
      12
      22
       7
      12
      13
      16
      21
      17
      14
      17
      17
      14
      21
      14
      14
      14
      13
      13
      14
      18
      16
      17
      16
      17
      16
      12
      17
      12
      15
      12
      13
      16
      19
      17
      13
      11
      16
      16
      17
      13
      16
       8
      12
      11
      19
      11
      12
      16
       8
      25
       8
      16
      19
      15
      18
      15
      20
      13
      15
      19
      13
      13
      11
      10
      11
      10
      13
      14
      12
      14
      13
      10
      12
      15
      12
      10
      13
      11
      14
      17
      18
       5
      14
      15
      17
      14
      14
      12
      15
       9
       8
      13
      13
      14
       6
      11
      10
      11
      10
      14
       7
      16
      21
       8
      10
       9
      17
      16
      13
      11
      10
      16
      14
       6
      14
       6
      12
      14
       2
      16
       9
      10
      15
      12
       9
       9
       6
       9
      14
       4
      12
       6
       8
      11
      13
      14
      14
      13
      19
      23
      11
      16
      12
      13
      12
       8
       7
       6
       9
       7
       7
       9
      17
       9
      14
      10
      10
      13
      11
      12
      15
      12
      13
      14
       8
      10
      10
      11
       8
       6
      12
      14
      13
       8
      14
       8
       5
      10
      12
       6
      13
       3
       7
      10
      10
       6
      11
      11
       7
      20
      17
      13
       6
      14
       8
       8
       5
      12
       6
      12
       7
      14
       8
       8
      15
      11
       9
       3
       5
      12
      12
      20
       8
      10
       8
       9
       9
      11
       9
      12
      11
      11
       4
      11
      14
       8
       8
       9
      10
      15
      13
      11
       8
      17
      14
       7
      12
      17
       4
      10
       9
      11
       8
      10
       4
       9
      14
       8
       8
       5
      12
      11
       9
      13
      17
      12
      13
      11
      14
      11
      17
       9
      13
      16
       6
      14
       7
      13
      13
      13
      12
       8
       6
      12
      17
       6
       8
       7
       8
       7
       6
       8
      12
      10
      13
      13
       5
       8
       5
       7
       8
       9
      12
       8
       7
      10
      10
      14
      10
       5
       9
       9
      12
      13
       7
       3
       7
       9
      14
      10
      11
       6
       5
      17
       6
      16
       9
       8
       5
       4
       3
       6
      14
      17
       8
       8
       3
       7
      14
       8
       8
      11
       5
       8
       6
       5
      13
       8
      13
      11
       6
       8
       8
       6
       7
      15
       6
      13
      11
      11
       9
       2
      11
      14
      13
      14
      11
       7
       7
      13
       4
       8
       8
      12
      10
       7
      12
       8
       7
       9
       9
       8
      11
       6
       5
      10
      11
       6
      12
      13
       5
       7
      16
       6
      11
      13
       8
       9
      13
      12
      11
      10
       5
       8
      12
      10
       7
      10
       8
      11
       8
       6
      10
       6
       6
       5
       7
      10
       9
      13
      14
      11
       6
      15
      10
       8
       5
       7
       6
       6
      11
      10
       6
       5
       5
       5
       7
       5
       7
       4
       6
       7
       6
       7
       4
       7
       4
      10
       2
       4
       3
       8
       5
       8
      11
       3
       7
       5
       4
      10
       4
      11
       8
       6
       7
      10
      11
       5
       7
      10
       8
      10
       9
       8
       7
       7
       5
       7
       8
      10
       9
       6
       6
       8
      11
       7
      10
       8
       4
       7
       7
      11
       8
       7
      10
       7
       7
       6
      10
      10
       6
      11
       4
       7
       6
       4
       7
       6
       8
       4
       5
       7
      12
       6
       5
       3
       8
       7
       8
       5
       5
       9
      10
       9
       9
      10
       2
      10
       9
       8
       6
       5
       4
       7
       8
       7
       8
       8
      14
       9
       8
       9
       7
       7
       7
       5
       8
       7
       9
      10
       7
       4
       4
       8
       5
       8
      12
       5
       6
       7
      10
       4
       8
       4
       4
       6
       5
       6
       7
       7
       3
       4
       7
       9
       5
       5
       6
       7
       9
       5
       6
       5
       6
       5
       7
      10
       8
       9
       8
      10
       9
       8
       6
       6
       5
       4
      12
       4
       5
       8
       6
       6
       2
       4
       8
       5
       3
       7
      11
       9
       7
       5
       6
       8
       5
       9
       4
       5
       5
       6
       6
       9
       9
       5
       8
       3
       6
       5
      12
       6
       6
       6
       9
       8
       8
       7
       5
      11
      12
       6
       5
      10
       4
      10
       6
       4
      10
       4
       3
       3
       6
       5
       8
       6
       4
       6
       5
       5
       8
      10
       9
       8
       7
       8
       5
       5
       7
       9
       2
       6
       7
       5
       6
       6
       6
       9
       6
       6
       7
       3
       5
       2
       4
      11
       6
       7
       7
       8
       5
       8
       6
       7
       8
       4
       6
       8
       6
       4
       5
      11
       5
       8
       9
       5
       9
       8
       6
       3
       3
       2
       5
       8
       7
       8
       4
       4
       5
       3
       5
       8
      10
       7
       4
       8
       3
       6
       4
       1
       4
       2
       8
       7
       3
       5
       5
       7
       6
       5
       3
       8
       2
       4
       6
       8
       8
       6
       4
       5
       5
       8
       5
       5
       6
       5
       8
       6
       8
       6
       6
       2
       7
       7
       5
       7
       4
       6
       3
       6
       7
       5
       3
       7
      14
       3
      11
       7
      10
       9
       3
       8
       5
       7
       2
       5
       6
       4
      10
       3
       3
       8
       7
       4
       3
       8
       5
       5
       6
       4
       6
       6
       7
       6
       4
       2
       3
       6
       7
       7
       3
       8
       6
       8
       7
       3
       5
       5
       1
       2
       2
       3
       7
       5
       3
       2
       5
       5
       5
       4
       8
       4
      10
       2
       5
       9
       4
       3
       8
       6
       4
       5
       4
      10
       4
       4
       7
      11
       8
       8
       6
       2
       4
       5
       2
       3
       5
       2
       2
       8
       5
       9
       5
       5
       5
       4
       5
       6
       3
       3
       9
       2
       2
       2
       3
       2
       2
       0
       4
       3
       7
      10
       4
       2
       4
       6
       4
       5
       2
       5
       5
       2
       5
       2
       7
       5
       8
       5
      10
       3
       5
       2
       5
       5
       3
       7
       6
       6
       5
       9
       2
       6
       6
       1
       9
       3
       4
       5
       4
       7
       2
       6
       5
       4
       8
       5
       4
       7
       7
       6
       5
       4
       2
       3
       4
       4
       8
       4
       7
       8
       7
       4
       2
       3
       3
       3
       5
       2
       7
       5
       6
       4
       1
       7
       5
       9
       7
       3
       2
       5
       2
       3
       5
       9
       1
       5
       3
       5
       9
       3
       3
       2
       2
       8
       2
       4
       3
       3
       6
       7
       2
       8
       2
       6
       1
       3
       4
       1
       2
       5
       3
       2
       7
       4
       3
       3
       5
       4
       7
       5
       5
       9
       4
       6
       0
       4
       8
       5
       2
       6
       7
       2
       7
       6
       3
       2
       4
       4
       7
       4
       5
       6
       4
       3
       6
       6
       5
       4
       3
       3
       2
       3
       9
       3
       7
       5
       3
       3
       2
       6
       6
       4
       6
       5
       4
       6
       5
       4
       1
       0
       0
       0
       0
       0
       0
       0
       0
       0
       0
       0
       0
       0
       0
       0
       0
       0
       0
       0
       0
       0
       0
       0
       0
       0
       0
       0
       0
       0
       0
       0
       0