       0
       0
       0
       0
       0
      30
      37
      46
      36
      42
      39
      32
      25
      34
      41
      36
      46
      28
      31
      43
      31
      37
      41
      44
      32
      29
      28
      42
      40
      40
      39
      36
      38
      39
      36
      40
      41
      24
      41
      43
      35
      32
      47
      33
      32
      39
      39
      18
      34
      42
      54
      38
      26
      27
      42
      32
      42
      33
      48
      39
      34
      40
      29
      44
      43
      37
      38
      34
      42
      49
      33
      35
      36
      40
      40
      44
      40
      30
      34
      43
      34
      37
      35
      32
      29
      36
      33
      37
      33
      40
      29
      43
      29
      31
      35
      29
      26
      27
      44
      31
      44
      32
      30
      32
      22
      29
      36
      38
      23
      30
      35
      39
      23
      37
      35
      34
      41
      35
      33
      36
      33
      35
      32
      41
      31
      26
      38
      36
      37
      43
      33
      35
      26
      35
      27
      27
      33
      32
      35
      50
      30
      23
      23
      35
      24
      24
      32
      34
      36
      27
      31
      29
      38
      41
      33
      33
      35
      32
      30
      25
      31
      28
      25
      26
      34
      36
      23
      25
      29
      33
      35
      30
      29
      26
      37
      35
      36
      26
      34
      20
      37
      20
      18
      28
      33
      35
      33
      23
      25
      33
      30
      32
      37
      29
      28
      46
      35
      31
      26
      32
      31
      21
      35
      36
      25
      25
      33
      26
      22
      47
      37
      28
      25
      29
      30
      29
      36
      29
      28
      29
      34
      23
      35
      27
      35
      23
      28
      36
      25
      31
      23
      29
      28
      22
      22
      22
      24
      26
      33
      19
      34
      31
      24
      26
      19
      30
      32
      16
      22
      22
      23
      30
      27
      18
      30
      27
      24
      26
      21
      30
      29
      24
      19
      33
      28
      24
      19
      29
      26
      32
      20
      33
      34
      24
      17
      28
      32
      16
      31
      28
      22
      29
      22
      22
      24
      30
      24
      23
      15
      19
      25
      19
      24
      27
      25
      18
      17
      19
      23
      15
      19
      13
      30
      21
      23
      33
      24
      27
      25
      24
      34
      20
      26
      12
      24
      21
      26
      23
      23
      20
      25
      24
      25
      22
      17
      23
      21
      17
      18
      24
      24
      15
      23
      20
      19
      19
      16
      17
      28
      23
      16
      20
      27
      24
      22
      24
      22
      18
      23
      20
      21
      24
      24
      19
      27
      26
      21
      16
      17
      13
      27
      14
      21
      14
      26
      12
      18
      15
      19
      24
      13
      29
      19
      26
      24
      20
      23
      17
      27
      23
      20
      18
      19
      20
      22
      20
      24
      19
      17
      30
      24
      18
      23
      23
      19
      15
      25
      16
      25
      21
      28
      24
      25
      19
      27
      14
      18
      15
      20
      15
      29
      16
      18
      11
      20
      20
      15
      13
      23
      16
      17
      28
      29
      18
      17
       7
      21
      27
      24
      17
      25
      19
      21
      24
      22
      22
      23
      11
      20
      17
      15
      18
      17
      14
      14
      19
      22
      24
      19
      19
      20
      18
      22
      15
      10
      21
      16
      24
      18
      19
      22
      27
      15
      19
      23
      18
      20
      16
      20
      17
      20
      18
      20
      17
      12
      14
      24
      23
      19
      16
      13
      24
      19
      15
      23
      17
      17
      24
      19
      14
      18
      12
      12
      23
      18
      11
      21
      14
      22
      17
      11
      19
      15
      14
      16
      11
      22
      15
      12
      16
      15
      15
      27
      21
      17
       9
      17
      12
      11
      19
      17
      15
      11
      14
      25
      15
      20
      16
      15
      19
      14
      13
      10
       8
      16
      10
      20
      20
      11
      17
      20
      17
      15
      14
      12
      18
      16
      19
      19
      13
      17
      14
      19
      20
      20
      19
      21
      12
      19
      15
      10
      17
      19
       7
      16
      10
      20
      11
      26
       9
      15
      14
      17
      10
      19
      21
      21
      15
      17
      14
      14
      12
      19
      25
      12
      13
      19
      21
      14
       8
      11
      16
      18
      14
      16
      14
      19
      12
      12
      12
      10
      13
       7
      11
      19
      26
      11
      15
      13
      20
      13
      18
      17
      22
       6
      10
      17
      13
      10
      14
      14
      25
      12
      15
      13
      11
      14
      17
      10
      11
      15
      14
      15
      15
      12
       8
      17
      16
      18
       8
      17
      12
      15
       8
      12
      15
      21
       7
       9
       7
      11
      25
      13
       5
      11
      13
      10
      10
      18
      12
      13
      11
       7
      17
      16
      10
      18
      14
      12
      12
      10
      18
      16
      18
      20
      18
       7
      12
      14
      13
      15
      14
      18
      16
      10
      11
      13
       9
       7
      12
      17
       8
      12
      13
      12
      14
      11
      15
       9
      16
      11
      14
      11
      18
      12
       8
      15
      11
       5
      16
      13
      14
      10
      20
      13
      11
      13
      11
      11
      13
      15
      12
      13
      13
      17
      14
      15
       5
       6
       6
      11
      13
       8
      12
       6
       8
      13
       6
      18
      16
       9
      11
      12
      10
       3
      10
       9
      14
       8
      19
       6
      11
      11
       9
      12
       6
      17
       9
      11
       9
       4
      18
       9
      17
      13
       6
      10
       8
      11
       9
      15
      15
      16
      10
      13
       9
       6
      16
      13
       6
       6
      11
      11
       8
      11
       8
      12
      12
      11
      11
      18
      11
      12
       6
      14
      14
      10
       9
      12
      12
      17
      12
      11
      12
      11
      11
       5
      15
      10
      17
      12
       9
       7
      12
      18
       9
      11
      11
       6
      10
      11
       9
       9
       8
       9
      14
      10
      15
      11
      10
      10
      11
       8
      13
       7
       6
      10
      10
       9
      17
      12
       9
       8
      10
      16
      10
      11
       4
       6
       4
      14
      14
       9
       8
      14
      11
      10
       9
       5
      10
      12
      14
      10
       8
       6
       8
      13
       9
       7
       8
       8
       9
      10
      13
       7
       5
      13
       7
      12
       9
       5
       7
      12
      10
      12
       8
       8
      15
      16
      13
      11
       9
       7
       8
       5
       8
       9
       9
       6
      11
       5
      12
      10
      11
       2
      11
      11
       9
       8
       9
       4
       8
      12
       4
       8
       9
       6
      11
       9
       8
      10
       5
       5
      10
      12
      14
      15
      17
       5
       7
       4
       8
      10
      11
      11
       7
       7
       8
       7
      10
      10
       8
       9
       9
      16
       5
      12
       5
       5
       3
      10
      11
       5
       8
       8
       9
       5
       9
       8
       5
       9
       6
       9
      12
      13
       6
       4
       4
       8
      18
       5
       7
       7
      13
      11
      10
      10
       8
      12
       7
      11
       5
       8
       9
       7
      13
       9
       8
      14
       9
       8
      16
       8
       6
       6
       5
       6
       9
      10
       8
       8
      10
       6
      11
       5
       8
       8
       9
       7
       3
       9
       7
      10
       6
       5
      12
       9
       8
       7
       9
       5
       2
       5
       9
       7
       6
       7
       7
      18
       5
      15
      11
       7
      12
       7
      10
       8
       7
      10
      12
       5
       9
       5
       6
       8
       7
       8
       9
       9
      12
       6
       7
      10
       6
       6
       5
       7
       9
      10
      10
       4
       9
       8
       9
       9
       9
       6
      10
       5
       4
       6
       9
       9
       4
       8
       2
       5
       5
       9
       5
      12
      10
       3
       5
       6
      11
      11
       9
       5
       3
      12
       5
       3
      10
       4
       6
       4
       0
      11
       7
       7
      10
       5
       4
       7
       3
       5
       8
       2
       9
       3
       3
       8
       6
       7
       8
      10
      11
      18
       6
       9
       6
       9
       6
       2
       4
       3
       6
       6
       2
       6
       9
       6
       6
       8
       3
       9
       7
       6
       6
       7
      10
      11
       2
       5
       6
       4
       4
       3
       6
       6
       9
       7
       6
       3
       3
       3
       4
       4
       7
       3
       6
       6
       8
       3
       8
       5
       5
      12
      10
       9
       3
       9
       4
       3
       4
       9
       3
       7
       5
       8
       6
       3
       7
       7
       6
       2
       4
       6
       7
      14
       4
       6
       2
       6
       6
       9
       9
       6
       6
       8
       2
       7
       5
       4
       4
       4
       5
       8
      10
       5
       4
      13
       6
       6
       7
       9
       2
       4
       5
       5
       6
       4
       2
       4
       5
       5
       4
       4
       5
       9
       4
       7
       9
       6
       7
       5
      10
       6
       8
       5
       8
       9
       5
       6
       3
       5
       8
       9
      10
       5
       4
       9
       6
       4
       4
       4
       5
       6
       3
       6
      11
       3
      10
       9
       1
       5
       4
       4
       5
       6
       5
       3
       4
       7
       5
      10
       6
       2
       5
       6
       9
       5
       5
       3
       3
       8
       7
       9
       6
       3
       2
       8
       5
       9
       3
       2
       2
       3
       2
       5
       8
       9
       5
       4
       1
       5
      10
       5
       2
       9
       3
       1
       3
       5
      10
       4
       7
       4
       4
       4
       3
       3
       6
      10
       3
       7
       7
       7
       5
       2
       9
       6
      10
      10
       5
       3
       4
       8
       1
       4
       5
       4
       8
       6
       5
       4
       4
       6
       4
       5
       5
       1
       3
       4
       6
       3
       6
       4
       3
       5
       6
       4
       9
       5
       5
       5
       9
       6
       5
       5
       2
       4
       5
       7
       2
       7
       6
       6
       3
       4
       4
       2
       5
       2
       7
       9
       4
       5
       6
       4
       4
       7
       6
       3
       3
       3
       5
       3
       7
       8
       4
       4
       3
       3
       3
       1
       3
       3
       2
       5
       4
       3
       2
       3
       3
       4
       1
       4
       2
       5
       5
       7
       8
       2
       1
       1
       1
       5
       1
       9
       2
       4
       6
       7
       6
       2
       1
       8
       3
       7
       4
       6
       4
       4
       3
       2
       6
       5
       5
       5
       2
       6
       7
       3
       5
       4
       4
       2
       6
       9
       3
       5
       3
       4
       4
       5
       5
       6
       4
       8
       3
       4
       4
       4
       4
       4
       6
       4
       3
       4
       7
       3
       5
       2
       4
       3
       4
       1
       5
       5
       7
       6
       4
       8
       2
       6
       7
       4
       5
       2
       2
       5
       5
       4
       2
       4
       8
       5
       7
       5
       6
       3
       3
       2
       5
       3
       8
       5
       4
       4
       2
       5
       1
       1
      10
       4
       4
       5
       6
       3
       3
       2
       2
       5
       3
       5
       2
       4
       2
       2
       6
       5
       2
       2
       3
       3
       5
       2
       4
       3
       3
       2
       3
       5
       4
       6
       4
       5
       6
       5
       2
       3
       2
       3
       8
       2
       2
       3
       3
       2
       1
       2
       5
       4
       2
       5
       7
       8
       2
       4
       4
       7
       3
       3
       2
       4
       1
       4
       5
       6
       6
       2
       4
       1
       2
       1
       9
       4
       5
       5
       4
       3
       6
       4
       1
       8
       6
       4
       2
       7
       3
       5
       2
       3
       6
       2
       1
       3
       5
       3
       3
       4
       2
       3
       4
       3
       4
       8
       4
       2
       5
       3
       4
       2
       4
       4
       2
       4
       4
       3
       2
       3
       4
       6
       6
       4
       3
       0
       3
       1
       2
       3
       3
       4
       6
       4
       4
       4
       3
       5
       2
       0
       2
       5
       3
       2
       2
       6
       4
       2
       6
       3
       5
       5
       2
       3
       2
       2
       5
       7
       4
       4
       2
       4
       3
       0
       2
       4
       7
       6
       1
       5
       1
       2
       3
       0
       1
       1
       5
       4
       1
       4
       2
       5
       4
       4
       2
       4
       1
       2
       1
       4
       6
       3
       4
       3
       4
       3
       3
       3
       4
       3
       4
       3
       6
       4
       4
       1
       5
       3
       4
       5
       2
       3
       2
       2
       3
       4
       3
       3
      10
       3
       5
       4
       7
       5
       2
       5
       4
       4
       1
       2
       4
       3
       4
       0
       2
       4
       4
       2
       2
       4
       3
       2
       1
       2
       3
       3
       0
       3
       1
       0
       3
       4
       4
       3
       2
       2
       4
       6
       2
       3
       3
       3
       1
       0
       2
       2
       3
       2
       2
       0
       2
       2
       3
       3
       2
       0
       6
       1
       2
       4
       2
       3
       8
       4
       3
       3
       3
       7
       1
       1
       3
       9
       6
       5
       2
       0
       2
       3
       1
       2
       5
       2
       0
       4
       4
       5
       2
       5
       4
       2
       4
       2
       3
       1
       6
       2
       1
       1
       2
       0
       1
       0
       2
       2
       5
       5
       1
       1
       4
       4
       2
       2
       2
       5
       3
       1
       2
       1
       3
       2
       5
       3
       6
       0
       4
       1
       2
       4
       2
       2
       4
       4
       4
       5
       1
       3
       3
       1
       7
       2
       4
       3
       2
       5
       1
       3
       3
       3
       4
       3
       2
       5
       4
       4
       2
       3
       1
       2
       2
       3
       3
       0
       1
       6
       2
       3
       0
       0
       2
       1
       1
       1
       3
       5
       5
       1
       1
       4
       2
       6
       6
       2
       0
       3
       1
       0
       1
       6
       0
       3
       2
       2
       8
       2
       2
       0
       2
       4
       1
       2
       1
       1
       2
       6
       0
       1
       2
       4
       1
       2
       3
       1
       2
       2
       1
       2
       7
       3
       2
       2
       4
       1
       6
       5
       2
       4
       3
       4
       0
       2
       2
       1
       1
       4
       1
       1
       5
       3
       0
       1
       2
       4
       5
       1
       2
       3
       4
       3
       5
       2
       2
       4
       1
       3
       1
       0
       5
       2
       6
       3
       1
       2
       1
       2
       4
       3
       4
       2
       2
       4
       3
       3
       1
       0
       0
       0
       0
       0
       0
       0
       0
       0
       0
       0
       0
       0
       0
       0
       0
       0
       0
       0
       0
       0
       0
       0
       0
       0
       0
       0
       0
       0
       0
       0
       0