       0
       0
       0
       0
       0
      50
      56
      72
      61
      60
      59
      50
      54
      51
      75
      58
      73
      43
      56
      59
      49
      63
      67
      70
      46
      50
      44
      65
      65
      60
      65
      57
      57
      63
      60
      59
      59
      46
      63
      67
      58
      61
      69
      49
      52
      53
      59
      43
      56
      65
      65
      59
      52
      54
      62
      56
      64
      58
      70
      56
      55
      57
      44
      64
      66
      58
      55
      53
      64
      71
      55
      56
      53
      58
      63
      58
      72
      50
      52
      67
      52
      64
      54
      56
      51
      63
      53
      73
      53
      62
      46
      66
      44
      51
      54
      45
      52
      52
      77
      45
      64
      53
      43
      49
      39
      44
      53
      53
      42
      47
      51
      55
      50
      58
      55
      50
      57
      56
      53
      55
      49
      52
      55
      60
      49
      41
      48
      57
      53
      57
      55
      54
      45
      54
      43
      44
      55
      52
      50
      66
      52
      39
      44
      58
      42
      37
      45
      47
      52
      48
      53
      49
      57
      63
      48
      49
      65
      61
      36
      36
      43
      37
      52
      42
      53
      51
      52
      45
      46
      44
      57
      50
      43
      40
      51
      53
      54
      49
      52
      33
      50
      37
      35
      39
      44
      53
      46
      44
      30
      47
      53
      44
      51
      46
      42
      54
      49
      48
      38
      49
      47
      28
      54
      58
      44
      44
      49
      46
      39
      61
      43
      37
      33
      46
      47
      40
      45
      40
      43
      55
      56
      41
      49
      44
      49
      42
      46
      56
      39
      47
      44
      40
      44
      35
      31
      40
      42
      39
      43
      36
      46
      45
      34
      39
      31
      46
      39
      25
      36
      34
      42
      47
      43
      29
      45
      45
      41
      37
      34
      43
      39
      42
      40
      50
      43
      36
      33
      38
      47
      43
      34
      51
      42
      33
      30
      41
      41
      24
      41
      42
      36
      43
      32
      36
      37
      46
      36
      34
      28
      28
      37
      34
      27
      42
      40
      28
      33
      28
      32
      29
      27
      22
      42
      40
      33
      49
      35
      42
      43
      31
      46
      29
      40
      28
      32
      33
      35
      39
      36
      34
      34
      33
      40
      42
      38
      31
      33
      26
      33
      45
      40
      24
      43
      32
      37
      33
      23
      29
      37
      30
      34
      31
      38
      37
      41
      41
      31
      31
      48
      27
      32
      36
      39
      30
      40
      40
      32
      30
      30
      25
      34
      25
      29
      26
      36
      24
      29
      26
      32
      37
      26
      39
      36
      39
      38
      25
      34
      25
      36
      37
      27
      27
      26
      29
      34
      30
      37
      30
      32
      42
      31
      32
      37
      38
      34
      23
      29
      29
      35
      29
      40
      46
      33
      33
      40
      30
      25
      27
      28
      24
      41
      23
      26
      23
      37
      28
      23
      19
      32
      31
      26
      38
      35
      23
      28
      17
      35
      32
      33
      30
      37
      28
      32
      34
      32
      31
      39
      22
      28
      26
      27
      28
      25
      20
      33
      26
      35
      32
      26
      27
      30
      28
      30
      29
      22
      32
      29
      35
      29
      26
      37
      43
      30
      32
      31
      29
      25
      26
      30
      24
      29
      26
      28
      30
      21
      27
      38
      39
      36
      27
      22
      35
      28
      22
      33
      25
      29
      32
      24
      22
      27
      22
      18
      34
      27
      24
      26
      20
      30
      28
      21
      31
      29
      28
      28
      26
      29
      26
      25
      21
      25
      27
      34
      28
      31
      22
      25
      21
      18
      23
      29
      22
      19
      28
      35
      25
      32
      29
      27
      30
      20
      21
      20
      11
      25
      13
      30
      30
      22
      23
      27
      26
      25
      22
      20
      26
      25
      21
      30
      22
      29
      19
      26
      26
      29
      29
      34
      21
      25
      24
      14
      24
      24
      14
      23
      19
      30
      22
      34
      17
      23
      24
      22
      21
      32
      25
      24
      21
      28
      21
      25
      21
      31
      31
      16
      14
      27
      35
      22
      19
      24
      26
      33
      20
      26
      24
      28
      22
      22
      22
      16
      17
      15
      20
      27
      27
      18
      22
      20
      23
      19
      29
      22
      26
      10
      19
      26
      22
      19
      20
      22
      36
      16
      23
      19
      14
      17
      25
      20
      21
      23
      19
      26
      24
      19
      14
      24
      29
      23
      19
      27
      14
      19
      16
      25
      22
      30
      11
      15
      16
      18
      36
      21
      13
      20
      23
      18
      16
      23
      17
      25
      20
      17
      22
      31
      16
      25
      20
      20
      23
      20
      28
      21
      27
      27
      23
      16
      14
      19
      20
      19
      23
      24
      22
      14
      17
      19
      12
      15
      19
      20
      18
      22
      19
      21
      20
      21
      17
      19
      23
      20
      25
      14
      22
      21
      18
      21
      18
      12
      27
      24
      22
      16
      23
      17
      18
      20
      20
      18
      18
      19
      20
      21
      23
      25
      20
      25
      14
      13
      11
      19
      21
      13
      24
      17
      13
      20
      10
      26
      24
      17
      22
      15
      19
       8
      14
      14
      21
      13
      27
      12
      22
      20
      14
      20
      12
      22
      15
      13
      21
       8
      22
      14
      26
      19
      10
      17
      10
      15
      14
      25
      21
      19
      17
      20
      16
       7
      22
      21
      10
       9
      21
      17
      14
      17
      16
      17
      19
      21
      22
      28
      24
      17
      10
      22
      24
      17
      16
      16
      21
      21
      17
      17
      17
      16
      16
      11
      21
      14
      25
      18
      17
      11
      19
      21
      17
      18
      22
      10
      22
      15
      14
      16
      11
      18
      16
      13
      21
      20
      16
      15
      17
      13
      17
       8
      15
      19
      13
      15
      21
      16
      11
      13
      16
      23
      15
      24
       9
       7
      10
      19
      23
      16
      13
      18
      17
      13
      17
      14
      13
      17
      19
      16
      13
      12
      13
      19
      16
      11
      13
      10
      14
      11
      16
      10
       9
      19
      11
      15
      13
       8
      10
      16
      15
      17
      12
      11
      18
      19
      18
      18
      12
      14
      14
      13
      11
      10
      16
      11
      17
      11
      19
      16
      15
       6
      17
      18
      16
      12
      13
       9
      10
      16
      12
      10
      11
      19
      17
      11
      13
      15
       9
       8
      14
      20
      18
      20
      26
       8
      12
       6
      15
      20
      14
      21
      10
      13
      12
      10
      18
      15
      12
      15
      13
      17
      12
      21
       8
      12
       6
      14
      20
      10
      11
      10
      15
       8
      11
       9
      11
      10
      12
      12
      14
      17
       9
      11
      12
      15
      23
       9
      10
      10
      23
      17
      15
      12
      12
      19
      12
      19
       6
      11
      11
      14
      19
      15
      12
      17
      12
      12
      21
      13
      10
      11
      10
      11
      12
      16
       9
      13
      13
      11
      14
      10
      14
      10
      15
      11
      12
      16
      11
      16
      11
      11
      15
      15
      15
      11
      15
       8
       9
       9
      15
      10
      11
      15
       8
      24
       8
      16
      15
      13
      16
      15
      18
      13
       9
      15
      12
      13
      11
       8
      11
      10
      13
      12
      10
      13
      13
       8
      11
      14
      11
      10
      11
      11
      14
      15
      15
       4
      12
      14
      15
      11
      11
      11
      14
       9
       6
      11
      12
      12
       6
      11
       7
      10
       9
      11
       6
      16
      18
       7
       8
       8
      17
      12
      10
      11
       9
      16
      12
       5
      14
       4
       9
      10
       1
      15
       8
       9
      12
      10
       7
       9
       5
       6
      12
       3
      10
       4
       6
      10
      11
      11
      14
      12
      18
      20
      11
      14
      11
      13
      11
       8
       6
       6
       9
       7
       6
       7
      12
       8
      13
      10
       6
      12
      11
      10
      14
       9
      13
      13
       8
       9
       9
       7
       7
       5
      10
      13
      11
       8
      11
       5
       5
       9
       8
       6
      12
       3
       7
       8
       9
       5
      10
      10
       6
      15
      14
      11
       6
      11
       5
       8
       5
      12
       4
      10
       5
      13
       8
       6
      13
      10
       7
       3
       5
      11
       9
      18
       7
      10
       6
       9
       8
      11
       9
      11
      11
      10
       3
      11
      10
       7
       8
       9
       9
      12
      13
      10
       7
      16
      11
       6
      10
      14
       4
       9
       7
      11
       7
       6
       4
       8
      11
       7
       6
       5
      11
      11
       7
      11
      16
       9
      11
      10
      14
      10
      16
       9
      11
      14
       6
      10
       5
      13
      11
      13
      12
       7
       5
      12
      15
       5
       8
       5
       7
       7
       4
       8
      11
       7
      13
      13
       3
       7
       5
       7
       7
       8
      11
       7
       7
      10
       7
      13
      10
       4
       8
       7
      11
       9
       7
       3
       7
       9
      12
       9
       7
       6
       5
      16
       6
      16
       8
       7
       5
       3
       2
       6
      14
      14
       8
       7
       2
       7
      12
       7
       8
      11
       3
       8
       5
       5
      11
       6
       9
      10
       6
       7
       6
       6
       6
      14
       4
      10
      11
      11
       9
       2
      10
      11
      12
      12
       9
       5
       6
      13
       4
       8
       7
       8
       9
       6
       9
       7
       6
       7
       8
       7
      10
       5
       5
       8
      10
       5
      11
      11
       5
       7
      12
       6
      10
      10
       8
       8
      13
      10
      10
       9
       4
       8
      11
       8
       5
      10
       8
      11
       7
       6
       7
       4
       6
       5
       7
      10
       8
       9
      13
       9
       5
      13
       7
       7
       4
       6
       6
       5
      11
       9
       6
       5
       5
       4
       5
       4
       5
       3
       5
       6
       5
       6
       3
       6
       3
       8
       2
       4
       3
       8
       5
       8
      10
       3
       7
       2
       2
       9
       4
      10
       7
       5
       6
       9
       8
       5
       7
      10
       3
      10
       8
       7
       6
       7
       4
       4
       7
       9
       7
       6
       6
       6
      11
       5
       9
       7
       4
       6
       7
      11
       7
       7
       6
       6
       7
       6
       8
       9
       5
      11
       4
       4
       4
       4
       5
       6
       7
       4
       4
       7
       8
       4
       5
       3
       7
       6
       6
       5
       5
       7
       7
       8
       7
       9
       2
       9
       9
       7
       6
       5
       3
       7
       7
       6
       6
       5
      10
       6
       8
       6
       7
       5
       6
       4
       8
       6
       8
       8
       7
       4
       3
       8
       5
       7
      12
       5
       5
       7
       7
       4
       7
       4
       2
       6
       3
       6
       6
       4
       2
       4
       7
       7
       4
       4
       6
       6
       8
       4
       5
       5
       5
       5
       7
       8
       7
       8
       7
      10
       8
       8
       5
       6
       4
       3
      11
       3
       4
       6
       6
       6
       2
       3
       5
       4
       3
       6
      11
       8
       5
       5
       5
       8
       5
       8
       3
       5
       2
       6
       5
       8
       9
       4
       7
       2
       5
       4
      10
       6
       6
       6
       8
       8
       8
       7
       3
      10
       9
       4
       4
       8
       3
       9
       4
       4
       9
       3
       2
       3
       6
       4
       7
       5
       3
       5
       5
       5
       6
      10
       9
       6
       7
       7
       5
       5
       7
       8
       2
       6
       5
       5
       5
       4
       6
       8
       6
       6
       6
       2
       5
       2
       3
       8
       6
       6
       7
       8
       5
       5
       5
       6
       7
       1
       6
       6
       5
       4
       4
      11
       4
       6
       9
       5
       7
       7
       6
       3
       3
       2
       5
       8
       5
       6
       3
       4
       5
       3
       4
       8
      10
       7
       3
       6
       3
       5
       4
       0
       4
       2
       7
       6
       3
       4
       4
       7
       5
       4
       3
       7
       1
       4
       5
       8
       7
       6
       4
       4
       5
       8
       4
       5
       5
       5
       6
       6
       7
       5
       5
       1
       5
       4
       5
       7
       3
       6
       3
       5
       5
       4
       3
       6
      14
       3
       9
       6
       8
       9
       2
       7
       5
       5
       2
       3
       6
       4
      10
       3
       3
       7
       6
       4
       3
       8
       5
       4
       4
       2
       6
       4
       5
       4
       3
       1
       3
       5
       4
       7
       3
       8
       6
       7
       5
       3
       5
       4
       1
       0
       2
       3
       7
       5
       3
       1
       4
       5
       4
       4
       7
       4
       7
       2
       4
       9
       3
       3
       8
       6
       3
       4
       4
       8
       3
       4
       7
      10
       6
       8
       6
       2
       4
       5
       2
       2
       5
       2
       1
       7
       5
       8
       4
       5
       5
       4
       5
       4
       3
       3
       8
       2
       2
       1
       2
       1
       2
       0
       4
       3
       7
      10
       2
       2
       4
       4
       3
       5
       2
       5
       5
       1
       5
       2
       7
       4
       8
       5
      10
       2
       5
       1
       5
       5
       3
       5
       5
       6
       4
       7
       2
       6
       6
       1
       9
       2
       4
       3
       4
       7
       1
       5
       4
       4
       8
       4
       4
       7
       7
       5
       4
       4
       2
       3
       4
       3
       6
       3
       6
       8
       4
       4
       1
       1
       3
       3
       5
       2
       7
       5
       5
       3
       1
       5
       5
       7
       7
       3
       2
       5
       2
       3
       3
       8
       0
       5
       2
       3
       9
       3
       3
       1
       2
       7
       2
       3
       3
       3
       5
       7
       2
       5
       2
       5
       1
       3
       4
       1
       2
       5
       3
       2
       7
       4
       2
       2
       5
       3
       7
       5
       5
       8
       4
       6
       0
       4
       7
       3
       2
       6
       7
       2
       6
       4
       2
       2
       4
       4
       7
       3
       4
       5
       4
       3
       6
       4
       4
       4
       1
       3
       2
       3
       8
       3
       6
       5
       2
       3
       2
       5
       6
       4
       5
       3
       3
       5
       4
       3
       1
       0
       0
       0
       0
       0
       0
       0
       0
       0
       0
       0
       0
       0
       0
       0
       0
       0
       0
       0
       0
       0
       0
       0
       0
       0
       0
       0
       0
       0
       0
       0
       0